[gd_scene load_steps=8 format=3 uid="uid://cmcs5xocdo714"]

[ext_resource type="Script" path="res://scripts/main_3d.gd" id="1_m3nth"]
[ext_resource type="PackedScene" uid="uid://pgaylxrbe1r5" path="res://scenes/3D/Player3D.tscn" id="2_afekp"]
[ext_resource type="PackedScene" uid="uid://bhghvd5d5on0v" path="res://scenes/3D/NPC3D.tscn" id="3_on2yo"]
[ext_resource type="PackedScene" uid="uid://dw2b08kyw6rx5" path="res://scenes/3D/Nexus3D.tscn" id="4_rojdg"]

[sub_resource type="Environment" id="Environment_wq0xa"]
background_mode = 1
ssr_enabled = true
ssr_max_steps = 128
glow_enabled = true
glow_normalized = true
glow_intensity = 0.2
glow_blend_mode = 0
fog_enabled = true
fog_light_color = Color(0, 0, 0, 1)
fog_height = -1.5
fog_height_density = 1.0
volumetric_fog_albedo = Color(0, 0, 0, 1)

[sub_resource type="CameraAttributesPractical" id="CameraAttributesPractical_e7t16"]
dof_blur_far_enabled = true
dof_blur_far_distance = 7.5
dof_blur_far_transition = 1.0

[sub_resource type="NavigationMesh" id="NavigationMesh_7nb3v"]

[node name="Main3D" type="Node3D"]
script = ExtResource("1_m3nth")

[node name="Camera3D" type="Camera3D" parent="."]
transform = Transform3D(-1, 0, 8.74228e-08, 6.18172e-08, 0.707107, 0.707107, -6.18172e-08, 0.707107, -0.707107, 0, 5, -5)
environment = SubResource("Environment_wq0xa")
attributes = SubResource("CameraAttributesPractical_e7t16")
projection = 1
current = true
size = 5.0
far = 15.0

[node name="Player3D" parent="." instance=ExtResource("2_afekp")]
transform = Transform3D(1, 0, 0, 0, 1, 0, 0, 0, 1, 0, 0, -3.40475)

[node name="DirectionalLight3D" type="DirectionalLight3D" parent="."]
transform = Transform3D(0.792274, 0.185851, 0.581172, -0.432988, -0.499855, 0.750111, 0.429911, -0.845934, -0.315551, 0, 5.78196, 0)
shadow_enabled = true
shadow_opacity = 0.3
directional_shadow_mode = 0

[node name="NavigationRegion3D" type="NavigationRegion3D" parent="."]
navigation_mesh = SubResource("NavigationMesh_7nb3v")

[node name="NPC3D" parent="." instance=ExtResource("3_on2yo")]
transform = Transform3D(1, 0, 0, 0, 1, 0, 0, 0, 1, 3.45824, 0, 0)

[node name="Nexus3D" parent="." instance=ExtResource("4_rojdg")]
transform = Transform3D(0.707107, 0, -0.707107, 0, 1, 0, 0.707107, 0, 0.707107, 0, 0, 0)
